emp_id,name,department,salary,age
29,Rajat,Finance,81000,41
22,Varun,Sales,63000,32
